Acq. time (s)=	10
Accumulations=	2
Range (cm-1)=	50...1000
Grating=	600 gr/mm
Laser (nm)=	532
Power (mW)=	10.3
Instrument=	LabRAM HR Evol
Objectif=	50x
ND filter=	10%

51.1972	290
52.9451	269
54.6930	312
56.4409	310
58.1888	292
59.9367	319
61.6846	302
63.4324	269
65.1803	300
66.9282	267
68.6761	313
70.4240	290
72.1719	286
73.9198	274
75.6677	322
77.4156	287
79.1635	281
80.9114	283
82.6593	305
84.4072	301
86.1551	302
87.9029	303
89.6508	345
91.3987	282
93.1466	279
94.8945	272
96.6424	308
98.3903	321
100.1382	290
101.8861	272
103.6340	272
105.3819	309
107.1298	311
108.8777	306
110.6255	276
112.3734	299
114.1213	296
115.8692	299
117.6171	315
119.3650	300
121.1129	313
122.8608	305
124.6087	330
126.3566	390
128.1045	454
129.8524	710
131.6003	1094
133.3482	1652
135.0960	2345
136.8439	3059
138.5918	3472
140.3397	3640
142.0876	3303
143.8355	2767
145.5834	2084
147.3313	1447
149.0792	956
150.8271	643
152.5750	450
154.3229	390
156.0708	441
157.8186	495
159.5665	609
161.3144	815
163.0623	1073
164.8102	1382
166.5581	1623
168.3060	1813
170.0539	1846
171.8018	1792
173.5497	1622
175.2976	1346
177.0455	1091
178.7934	813
180.5413	621
182.2891	479
184.0370	368
185.7849	358
187.5328	307
189.2807	306
191.0286	313
192.7765	310
194.5244	316
196.2723	299
198.0202	296
199.7681	315
201.5160	294
203.2639	334
205.0118	392
206.7596	483
208.5075	635
210.2554	753
212.0033	944
213.7512	1175
215.4991	1312
217.2470	1481
218.9949	1520
220.7428	1544
222.4907	1455
224.2386	1337
225.9865	1192
227.7344	939
229.4822	812
231.2301	652
232.9780	510
234.7259	401
236.4738	380
238.2217	329
239.9696	327
241.7175	310
243.4654	344
245.2133	296
246.9612	275
248.7091	305
250.4570	306
252.2049	334
253.9527	322
255.7006	311
257.4485	341
259.1964	279
260.9443	302
262.6922	310
264.4401	350
266.1880	366
267.9359	476
269.6838	532
271.4317	596
273.1796	712
274.9275	848
276.6753	949
278.4232	1035
280.1711	1075
281.9190	987
283.6669	888
285.4148	768
287.1627	724
288.9106	593
290.6585	512
292.4064	433
294.1543	389
295.9022	382
297.6501	335
299.3980	314
301.1458	284
302.8937	264
304.6416	292
306.3895	302
308.1374	347
309.8853	306
311.6332	328
313.3811	291
315.1290	274
316.8769	279
318.6248	286
320.3727	357
322.1206	285
323.8684	328
325.6163	288
327.3642	340
329.1121	337
330.8600	341
332.6079	370
334.3558	393
336.1037	473
337.8516	518
339.5995	580
341.3474	669
343.0953	800
344.8432	923
346.5911	959
348.3389	999
350.0868	1024
351.8347	1031
353.5826	955
355.3305	865
357.0784	814
358.8263	704
360.5742	641
362.3221	528
364.0700	427
365.8179	372
367.5658	411
369.3137	388
371.0615	324
372.8094	309
374.5573	349
376.3052	282
378.0531	285
379.8010	323
381.5489	297
383.2968	307
385.0447	303
386.7926	315
388.5405	342
390.2884	309
392.0363	323
393.7842	256
395.5320	306
397.2799	286
399.0278	277
400.7757	286
402.5236	299
404.2715	331
406.0194	275
407.7673	309
409.5152	296
411.2631	300
413.0110	333
414.7589	322
416.5068	342
418.2547	304
420.0025	291
421.7504	303
423.4983	315
425.2462	313
426.9941	282
428.7420	311
430.4899	315
432.2378	372
433.9857	356
435.7336	288
437.4815	303
439.2294	275
440.9773	298
442.7251	324
444.4730	352
446.2209	311
447.9688	326
449.7167	308
451.4646	384
453.2125	398
454.9604	459
456.7083	508
458.4562	596
460.2041	629
461.9520	713
463.6999	876
465.4478	855
467.1956	907
468.9435	1007
470.6914	1036
472.4393	913
474.1872	889
475.9351	846
477.6830	809
479.4309	665
481.1788	608
482.9267	564
484.6746	496
486.4225	426
488.1704	394
489.9182	335
491.6661	344
493.4140	331
495.1619	338
496.9098	319
498.6577	352
500.4056	381
502.1535	386
503.9014	431
505.6493	480
507.3972	552
509.1451	625
510.8930	754
512.6409	853
514.3887	1013
516.1366	1090
517.8845	1123
519.6324	1122
521.3803	1102
523.1282	1111
524.8761	1008
526.6240	914
528.3719	749
530.1198	709
531.8677	601
533.6156	481
535.3635	433
537.1113	405
538.8592	367
540.6071	337
542.3550	329
544.1029	317
545.8508	323
547.5987	354
549.3466	252
551.0945	310
552.8424	320
554.5903	323
556.3382	306
558.0861	271
559.8340	324
561.5818	359
563.3297	277
565.0776	337
566.8255	308
568.5734	314
570.3213	290
572.0692	308
573.8171	349
575.5650	331
577.3129	360
579.0608	346
580.8087	327
582.5566	360
584.3044	328
586.0523	338
587.8002	310
589.5481	320
591.2960	303
593.0439	347
594.7918	298
596.5397	354
598.2876	340
600.0355	390
601.7834	401
603.5313	457
605.2792	468
607.0271	456
608.7749	547
610.5228	577
612.2707	652
614.0186	758
615.7665	783
617.5144	784
619.2623	793
621.0102	818
622.7581	767
624.5060	744
626.2539	720
628.0018	685
629.7497	613
631.4975	483
633.2454	497
634.9933	446
636.7412	419
638.4891	421
640.2370	308
641.9849	330
643.7328	350
645.4807	289
647.2286	362
648.9765	332
650.7244	343
652.4723	307
654.2202	341
655.9680	347
657.7159	326
659.4638	326
661.2117	327
662.9596	299
664.7075	317
666.4554	317
668.2033	330
669.9512	346
671.6991	295
673.4470	318
675.1949	358
676.9428	303
678.6907	301
680.4385	327
682.1864	343
683.9343	322
685.6822	355
687.4301	343
689.1780	343
690.9259	336
692.6738	380
694.4217	317
696.1696	272
697.9175	362
699.6654	311
701.4133	325
703.1611	355
704.9090	283
706.6569	291
708.4048	283
710.1527	303
711.9006	334
713.6485	336
715.3964	330
717.1443	288
718.8922	266
720.6401	325
722.3880	312
724.1359	335
725.8838	341
727.6316	327
729.3795	343
731.1274	330
732.8753	337
734.6232	307
736.3711	320
738.1190	329
739.8669	345
741.6148	315
743.3627	338
745.1106	318
746.8585	322
748.6064	346
750.3542	275
752.1021	293
753.8500	288
755.5979	267
757.3458	308
759.0937	344
760.8416	318
762.5895	331
764.3374	353
766.0853	359
767.8332	324
769.5811	360
771.3290	328
773.0769	305
774.8247	311
776.5726	289
778.3205	304
780.0684	317
781.8163	347
783.5642	370
785.3121	292
787.0600	337
788.8079	301
790.5558	339
792.3037	324
794.0516	281
795.7995	350
797.5473	312
799.2952	314
801.0431	301
802.7910	311
804.5389	338
806.2868	323
808.0347	336
809.7826	337
811.5305	361
813.2784	320
815.0263	291
816.7742	355
818.5221	320
820.2700	356
822.0178	338
823.7657	325
825.5136	337
827.2615	378
829.0094	381
830.7573	331
832.5052	333
834.2531	356
836.0010	308
837.7489	338
839.4968	329
841.2447	337
842.9926	309
844.7404	290
846.4883	278
848.2362	302
849.9841	318
851.7320	323
853.4799	379
855.2278	358
856.9757	306
858.7236	339
860.4715	320
862.2194	323
863.9673	335
865.7152	346
867.4631	322
869.2109	357
870.9588	302
872.7067	331
874.4546	396
876.2025	337
877.9504	367
879.6983	334
881.4462	346
883.1941	330
884.9420	327
886.6899	312
888.4378	343
890.1857	311
891.9336	349
893.6814	359
895.4293	341
897.1772	325
898.9251	344
900.6730	325
902.4209	356
904.1688	287
905.9167	324
907.6646	283
909.4125	296
911.1604	367
912.9083	355
914.6562	315
916.4040	296
918.1519	259
919.8998	320
921.6477	394
923.3956	344
925.1435	320
926.8914	345
928.6393	295
930.3872	327
932.1351	337
933.8830	332
935.6309	354
937.3788	343
939.1267	351
940.8745	317
942.6224	357
944.3703	375
946.1182	310
947.8661	313
949.6140	368
951.3619	330
953.1098	370
954.8577	324
956.6056	372
958.3535	339
960.1014	342
961.8493	375
963.5971	327
965.3450	312
967.0929	325
968.8408	347
970.5887	297
972.3366	352
974.0845	323
975.8324	365
977.5803	276
979.3282	317
981.0761	294
982.8240	316
984.5719	343
986.3198	332
988.0676	331
989.8155	333
991.5634	342
993.3113	312
995.0592	355
996.8071	354
998.5550	347
